time,x,y,z,phi,theta,psi,x_velocity,y_velocity,z_velocity,phi_velocity,theta_velocity,psi_velocity,rotor_speed1,rotor_speed2,rotor_speed3,rotor_speed4
0.06,8.54078880113e-08,-7.75355188954e-08,10.002360464,6.28304121486,6.28300866888,0.0,1.08183125731e-05,-9.21822546066e-06,0.0786792851624,-0.00769890369254,-0.00960036774175,0.0,430.43782577531357,429.62481194389466,430.4588866675492,429.8070568113663
0.12000000000000001,7.28963168591e-06,-5.96668798121e-06,10.012563746,6.28255201096,6.28204819628,0.0,0.000311597803917,-0.000241404478621,0.261405264443,-0.00907826356438,-0.0336362683289,0.0,462.8338146903542,460.93859615591583,463.00692059915934,462.8985273225674
0.18,5.50938156601e-05,-3.43052730962e-05,10.0298184391,6.28227641187,6.27971191297,0.0,0.00148576710778,-0.000740969289426,0.313737395046,0.00313408595986,-0.0525052605427,0.0,423.0515100404038,421.42300324030094,420.4081750173419,421.46489710418575
0.23999999999999996,0.000233315712441,-9.82265289131e-05,10.0532469712,6.28245940087,6.27737478504,0.0,0.00474692050498,-0.00136930092664,0.46716158194,0.00288073191215,-0.0204269811034,0.0,452.22152525045436,454.79670958046563,453.82459946533567,453.80420540588653
0.3,0.000636467684531,-0.00019360331252,10.0832046654,6.28298380706,6.27595757636,0.0,0.0088182140468,-0.00177423893423,0.531399305641,0.0184412734155,-0.0309237980625,0.0,426.16527427895085,425.267138271478,424.91276092972157,426.2443432777963
0.36000000000000004,0.00134052205428,-0.000298662208961,10.1206005114,0.00173344905735,6.27446981836,0.0,0.0148382344773,-0.0015436599466,0.715030068931,0.051017747855,-0.0147276861278,0.0,462.16326244024225,463.4377467866261,461.92239242229317,464.4841541549601
0.4200000000000001,0.00240878671498,-0.000345255792817,10.1658868683,0.00465513190081,6.27357360883,0.0,0.0208581693366,0.000286897369848,0.794461238691,0.0435906637728,-0.0153584011733,0.0,431.5934665332069,431.5403346950633,430.49260085763206,429.86531508305757
0.48000000000000015,0.00382836710957,-0.000239698146414,10.2131001549,0.00708759005213,6.27288893358,0.0,0.0265286450403,0.00344687874047,0.779323658447,0.0336139411044,-0.00449969235946,0.0,399.92207486428873,400.9098835317913,398.78194905498117,397.8707525734729
0.5400000000000001,0.00566083828788,0.000141292087199,10.2654713868,0.00952844409202,6.27223161181,0.0,0.034599850467,0.00951101100726,0.966241906957,0.0519958559473,-0.0287786651233,0.0,464.93709289040083,463.0313231829633,463.931644180291,465.37326703180713
0.6000000000000002,0.00799428236002,0.000943139922857,10.3286588982,0.0126987161349,6.27081950293,0.0,0.043355121891,0.0175707514753,1.13984533846,0.0544702480247,-0.0147007935578,0.0,460.2869931046359,461.3995569987424,460.34065233852846,460.538103728018
0.6600000000000003,0.01084198362,0.00225891562256,10.3990550578,0.0157949253046,6.26958308177,0.0,0.0516663782732,0.0265971395978,1.20661910865,0.0451480566544,-0.0363088545805,0.0,428.46526115812014,426.62438270037205,428.02076175393404,427.22855978640973
0.7200000000000003,0.014234789726,0.00419540409222,10.4746990876,0.0184440964339,6.267355517,0.0,0.0616527390815,0.0382270103335,1.31472180412,0.0420848664858,-0.038812359464,0.0,441.0667968574029,440.85935387090717,441.1201072500221,440.86823107271425
0.7800000000000004,0.0182990288847,0.00691474239524,10.5584148116,0.0212684653386,6.26552511972,0.0,0.0740453604003,0.052712374836,1.47559816138,0.0555376818922,-0.0176351088737,0.0,457.0126149427782,458.6969333599006,456.7797229368638,457.8524138629852
0.8400000000000004,0.0231078957744,0.010526773147,10.6497930916,0.0250823513759,6.26415006401,0.0,0.0863679339609,0.0680509134398,1.57020775245,0.0760919257466,-0.0364223931794,0.0,437.93125682204453,436.36577710367936,436.8743837827895,438.587610990888
0.9000000000000005,0.0286836461095,0.0151349293304,10.7465945414,0.0292204156856,6.26192023517,0.0,0.0997085166452,0.0859922873044,1.65636860336,0.0482853393195,-0.0386891092963,0.0,435.9150380148562,435.7249194790784,435.45112773663845,433.12248806260163
0.9600000000000005,0.0351242439464,0.0209234684644,10.8494503664,0.0321989621594,6.25998945664,0.0,0.115193366011,0.107260031807,1.77197068495,0.0522263000988,-0.0215973959998,0.0,443.5267601062245,444.9277318795649,444.94972334829794,445.2737512787357
1.0200000000000005,0.0425139746742,0.0280289535203,10.9585429993,0.0353356078015,6.25933128357,0.0,0.131219971583,0.129900424357,1.864289266,0.0523794483635,0.00457670378764,0.0,436.8044611005462,438.98170393188195,437.56440650202165,437.5789759543935
1.0800000000000005,0.0508485827244,0.0365195361994,11.072121708,0.0388400741076,6.25928818527,0.0,0.146583543103,0.153435112714,1.92155920119,0.0683376898204,-0.0142686275305,0.0,427.12218491600333,425.5120582138617,426.5908516094507,427.9537478041187
1.1400000000000006,0.0602111375994,0.0466607311535,11.1933407729,0.043595809769,6.25818346179,0.0,0.165604957029,0.185112492064,2.11870404779,0.095122339963,-0.0283508017133,0.0,471.32170603014004,470.2322118453964,469.1229746192226,471.2024696779533
1.2000000000000006,0.0707366258114,0.0588068746271,11.3260749494,0.04933202571,6.25604170546,0.0,0.185447637026,0.220398821918,2.3053697124,0.0965484500916,-0.0574264459311,0.0,469.59963947433926,467.33823846180593,467.76459602517485,467.8829160173113
1.2600000000000007,0.0824435097977,0.0730831855555,11.4676114444,0.0549992713684,6.25270266431,0.0,0.205124746269,0.25605611604,2.412246384,0.0899003947654,-0.0523180104633,0.0,443.54007167164883,443.95729415328145,445.75008328585125,445.21402435618
1.3200000000000007,0.0954359008776,0.0896808016383,11.6167171857,0.0604467639535,6.24920871219,0.0,0.228301121349,0.297767177095,2.55757676725,0.0925155995463,-0.0739575303901,0.0,457.51788391880484,455.789347747673,457.4193346528543,457.6341944606603
1.3800000000000008,0.109808194344,0.108737235005,11.7718672535,0.0660452189775,6.2444289917,0.0,0.251207693207,0.337969049598,2.61390509343,0.0948451762138,-0.0946201447896,0.0,430.90493599916414,429.14911560416505,429.5974497721592,429.80261849514255
1.4400000000000008,0.12586352196,0.130672455283,11.9357214463,0.0716327585781,6.23952259497,0.0,0.284582523042,0.393849826984,2.84725999064,0.0894463665554,-0.0639379160446,0.0,483.3296465236856,485.63124512555,484.52263722167913,484.12312853035274
1.5000000000000009,0.144015650354,0.156063984455,12.1131181636,0.0770530788047,6.23563726723,0.0,0.320923886451,0.453132814252,3.06531601021,0.0920649046993,-0.0664420095129,0.0,481.67462845922154,481.48248934139616,480.83290745927167,481.03739006673607
1.560000000000001,0.164287306929,0.184892517778,12.3003755912,0.0824151231721,6.23186735133,0.0,0.355183231157,0.508353244406,3.17620995085,0.0833424821428,-0.0564473454283,0.0,450.17608055628557,450.98126715173856,450.53569111160675,449.8364292430658
1.620000000000001,0.186784855297,0.217294726806,12.4960793906,0.0872979263621,6.22908795797,0.0,0.395048545224,0.572228510657,3.34667393541,0.0771368817246,-0.0313355531981,0.0,468.29588866714187,470.24388229076044,469.6630434738594,469.18644664634013
1.680000000000001,0.211710814485,0.253603817732,12.7016095057,0.0919200169561,6.22701510784,0.0,0.43600523121,0.638535752206,3.50377286235,0.0768301031316,-0.0418999414809,0.0,466.11453814370805,465.28771226014265,467.33711833062694,467.3175900077182
1.740000000000001,0.23906852552,0.293872116932,12.915247675,0.096560829783,6.22415175886,0.0,0.47617087844,0.704179231306,3.61705249591,0.0783603152947,-0.0631125012179,0.0,455.2850501026429,453.5831473034429,454.13204203632904,454.25937844096717
1.8000000000000012,0.268961654212,0.338274445579,13.1366742684,0.10071102271,6.22032124094,0.0,0.520649986851,0.7763381016,3.76324738457,0.0354796919596,-0.0653415979977,0.0,465.1076147204359,464.9302139930683,467.2964454095837,463.9445593833441
1.8600000000000012,0.301570809149,0.387028080769,13.3662949924,0.103203830098,6.21738537476,0.0,0.566641747109,0.848972187848,3.89026199061,0.0515310594394,-0.0278395380686,0.0,459.5109659469725,462.47266134766494,459.7233958132675,460.99439435405725
1.9200000000000013,0.336868861139,0.439998083462,13.6016347944,0.106767390593,6.21544183177,0.0,0.610112078094,0.916982167706,3.95409111155,0.0717151785066,-0.0435537634769,0.0,442.1691385757848,440.87211491862513,441.753859802197,443.41763536807855
1.9800000000000013,0.374680186147,0.496906903275,13.8388186599,0.110727746063,6.21283301262,0.0,0.650487043422,0.980325628951,3.95194743925,0.0510277263278,-0.0433338770499,0.0,421.6890517129382,421.70688087545705,421.6279515475404,419.8400677436231
2.0400000000000014,0.415089019667,0.557883388494,14.0776813397,0.114346414975,6.20983069438,0.0,0.696716036721,1.05250617595,4.00983396986,0.0743417526169,-0.0688804119858,0.0,442.45509807930983,440.3448751118987,439.7093497133151,441.6391718067681
2.1000000000000014,0.458215206054,0.623077489003,14.318405098,0.118890188629,6.20586174626,0.0,0.741171701637,1.12100306302,4.01414942751,0.0783684869922,-0.0611829160418,0.0,423.3372974819412,423.9956813163237,424.7124198390708,425.0624746798391
2.1600000000000015,0.503961207866,0.692282435558,14.5578976108,0.123769664469,6.2023379464,0.0,0.783989449464,1.18621153271,3.96897123949,0.0866603465508,-0.0542291438733,0.0,407.6584528986447,408.2766471569329,407.26921290919546,408.016225206822
2.2200000000000015,0.552676130111,0.766002137972,14.7988497146,0.129007255593,6.19879918947,0.0,0.840144977148,1.27157001598,4.06226667278,0.0885289151745,-0.0707489298184,0.0,454.2660047343224,452.9368089603879,452.7300630436203,452.88654960942
2.2800000000000016,0.605094626694,0.84534138616,15.0483951136,0.133869749032,6.19512061387,0.0,0.907519265321,1.3735422512,4.25499467365,0.0586285693804,-0.0470991345775,0.0,483.2316570844407,485.00872482513887,485.5295963003119,483.28540556258156
2.3400000000000016,0.66110027148,0.930092085153,15.3035085867,0.136955306025,6.19231880445,0.0,0.959567804797,1.45174149032,4.24868017117,0.0303751320228,-0.0459043571488,0.0,424.28237333758693,424.3835398959993,425.00240531703446,422.5752912821982
2.4000000000000017,0.720728843005,1.0202537601,15.5631246594,0.138603833163,6.18937881525,0.0,1.02829372775,1.55371494662,4.40444458601,0.02093424947,-0.0560454518894,0.0,474.6473811963075,473.8670430169902,476.84883736922785,476.12715950569805
2.4600000000000017,0.784459506914,1.11643419905,15.8311556542,0.140314997537,6.18631463501,0.0,1.09633633802,1.65234451055,4.52927764167,0.0404982184829,-0.0426227599265,0.0,467.2779412498183,468.3216763946698,466.60299867759875,468.12816018401884
2.520000000000002,0.852092877828,1.21822005291,16.1042199603,0.142663294834,6.18362191305,0.0,1.15831904087,1.74067091215,4.57254466207,0.0362701767334,-0.0498208734289,0.0,443.1166926456791,442.52331229535434,444.39116074198654,444.0451705386201
2.580000000000002,0.924119673929,1.32622779147,16.3860159783,0.144473891459,6.18060217511,0.0,1.24281914999,1.85963394525,4.81942179948,0.0137747438159,-0.0513646552809,0.0,505.08946378151677,504.9768374221312,506.1606621526581,504.53914220619185
2.640000000000002,1.00122333621,1.44131034867,16.6819647968,0.144916990495,6.17739640287,0.0,1.32755447819,1.97632705794,5.0443687664,-0.0101753706728,-0.0579152503273,0.0,501.87723400577227,501.3999693232613,501.92407660730896,500.1826277027483
2.700000000000002,1.08296124655,1.56267634966,16.9865099515,0.144446420103,6.1737680055,0.0,1.39733236519,2.06904952962,5.10672210057,-0.00354411515792,-0.0661523366937,0.0,455.56375138484725,454.9020092055889,455.0455523969835,455.57627989122585
2.760000000000002,1.16851752411,1.68901738581,17.2908677311,0.143913280313,6.17032212333,0.0,1.45484014535,2.14227540245,5.03874132349,-0.0225924311212,-0.044062261925,0.0,412.6218659376284,414.5650698741919,414.12103322380653,412.441862079771
2.820000000000002,1.25792335819,1.82017200133,17.5941992904,0.142300915321,6.16780336995,0.0,1.52554776096,2.22931981709,5.07206222581,-0.0372133489501,-0.0381095489765,0.0,446.14300104658855,446.6278967766376,447.26837301483215,446.0756189816317
2.880000000000002,1.35253955225,1.95762958732,17.9074051835,0.139824578905,6.16535734339,0.0,1.62843761169,2.35201531093,5.36662376229,-0.0509631569037,-0.046694998121,0.0,524.6145677852879,524.0174162056447,523.6734220837311,522.7153291649652
2.940000000000002,1.45257915918,2.10141646826,18.2315084606,0.137112187186,6.16220641991,0.0,1.70643211428,2.44047446393,5.43639046389,-0.0356504487031,-0.0678967148825,0.0,462.9175727055344,461.24407455838997,460.62857221582306,461.8369758429935
3.000000000000002,1.55709376629,2.25014804393,18.5576256545,0.134859058792,6.15801170247,0.0,1.77772066695,2.51697648383,5.43408721962,-0.0416550099119,-0.0742797068862,0.0,440.7876017313572,440.2558988215053,439.31839844742944,438.81944279588976
3.0600000000000023,1.66621212392,2.40368465085,18.8855948092,0.132229231761,6.15321180455,0.0,1.85993089159,2.60053411753,5.49777405003,-0.0485795466925,-0.0950069854659,0.0,461.785103821704,460.14176352414836,461.12377160236315,460.5753180829387
3.1200000000000023,1.77991685124,2.56172702621,19.2140580492,0.129566262781,6.14722908485,0.0,1.93069797059,2.66726622027,5.45111568699,-0.0370914997473,-0.111334949925,0.0,426.6798715802724,425.27409078669814,426.2809229685084,427.2604459308242
3.1800000000000024,1.8980971136,2.72384022867,19.5406653295,0.126989488438,6.14023099899,0.0,2.00920370173,2.73622572247,5.43571087921,-0.0584546246075,-0.130182701728,0.0,437.6792034756111,436.0946818917437,437.0158548237797,435.2299576084196
3.2400000000000024,2.0213549928,2.89024203826,19.8680192142,0.124746070094,6.1326958195,0.0,2.10004356838,2.81012589774,5.47568806132,-0.012709193375,-0.117700504371,0.0,453.9173767444941,454.90409041915166,452.6750396077192,456.3408944599382
3.3000000000000025,2.15017752624,3.06100917109,20.1976108779,0.12386809136,6.12521610318,0.0,2.19463835092,2.88192163102,5.51028564395,-0.0187883762788,-0.144592988765,0.0,455.0501028599343,452.87746192070506,453.5798354551302,453.09136684827195
3.3600000000000025,2.28530754354,3.23642620318,20.5322775087,0.122367993885,6.11639199675,0.0,2.31047400451,2.96498408176,5.6442578213,-0.0418630357924,-0.152539089531,0.0,484.9689595543712,484.35327548879127,485.94790627908185,484.21469542255073
3.4200000000000026,2.42671184318,3.41615179044,20.8699004866,0.119720767654,6.1071473222,0.0,2.40374623992,3.02557294654,5.60977510936,-0.0490661681611,-0.157343821704,0.0,434.7945506405908,434.36869288400993,434.50384610634177,433.8982417899427
3.4800000000000026,2.5748527283,3.60010393134,21.2109016551,0.116488665065,6.09760592384,0.0,2.53512107178,3.10561722801,5.75581624352,-0.0658027698234,-0.162608635866,0.0,491.5466654464946,491.134894955149,490.522823250313,489.2764187492531
3.5400000000000027,2.7295949346,3.78785568576,21.5528340391,0.112164580263,6.08772280382,0.0,2.62371165421,3.15244402795,5.64231084363,-0.0891211045296,-0.169306398247,0.0,410.7123088789061,410.089259332138,410.76260732055164,408.68415496103194
3.6000000000000028,2.88996560217,3.97842954699,21.888812909,0.107121987051,6.07736533624,0.0,2.72277890042,3.19956154867,5.55719213281,-0.0754508043388,-0.180247571369,0.0,420.15905380123246,419.1784429550897,417.8570845983418,419.04105065404065
3.660000000000003,3.05641328782,4.17172592931,22.2195693001,0.102857803394,6.06658102501,0.0,2.82631284956,3.24325952261,5.46819798772,-0.0635017594593,-0.178740856678,0.0,417.7542265805783,417.85215661944,416.29686418275986,417.3370784512469
3.720000000000003,3.23005986083,4.36794463726,22.5486848675,0.0993589347165,6.05580833976,0.0,2.96277573991,3.29689034127,5.5017508082,-0.0495629765516,-0.181200495715,0.0,457.69550239931806,457.4695294824263,456.81291511269154,457.92097140017796
3.780000000000003,3.4113686682,4.56699487676,22.8767090212,0.0964067097283,6.0454209727,0.0,3.08166237129,3.33781527483,5.43238151827,-0.0484950472479,-0.160543462466,0.0,423.9447550805038,425.68567330725455,425.059783900481,425.14969395838136
3.840000000000003,3.60018568334,4.76852598539,23.2014578796,0.09414331463,6.03550656958,0.0,3.21297595692,3.3795953078,5.39239407183,-0.0220236948571,-0.176828071355,0.0,434.97607079756267,433.5827770866819,434.4074930944376,436.6212062893064
3.900000000000003,3.7974628005,4.97267069923,23.5254327116,0.092992296294,6.02488358318,0.0,3.36373120189,3.42500391947,5.40618344092,-0.0140356734117,-0.177496236909,0.0,452.03497625574545,451.9514712922017,453.7366864437128,454.3777122015676
3.960000000000003,4.00391563632,5.17948747587,23.8499982108,0.092806594939,6.01402409945,0.0,3.51882502908,3.46873975498,5.41207662437,0.0127901629155,-0.189090088826,0.0,451.9518724327054,450.98494863663143,451.0015191815849,453.1635536786406
4.020000000000002,4.21966421053,5.38885032314,24.1741751427,0.0935996528093,6.00345533993,0.0,3.67357842825,3.50999528386,5.39331595315,0.0140591288822,-0.158226632823,0.0,443.95398302981647,446.4489763913119,444.91564429348665,445.01943281153626
4.080000000000001,4.44563881868,5.60094086394,24.4998619309,0.0941270370562,5.99436115292,0.0,3.85951205274,3.55961709342,5.46189609651,-0.00467374342518,-0.140801135102,0.0,474.0549691242231,475.3720908903048,474.0892814873301,472.64734113695806
4.14,4.68107772642,5.81541862793,24.8234470229,0.0933612682833,5.98606312419,0.0,3.98905066365,3.58958439493,5.32455939744,-0.038442503835,-0.133722171263,0.0,407.49737060441345,408.11021399684256,408.5506151721726,405.52768547659474
4.199999999999998,4.92659477076,6.03233145627,25.1459267143,0.0907472917393,5.97839996504,0.0,4.19526137487,3.64042054033,5.4236445295,-0.0565393936642,-0.117829497464,0.0,484.37399440513997,485.5543999472092,485.69614065137637,484.33573245304245
4.259999999999997,5.18281523297,6.25170451227,25.4686317357,0.0870820400224,5.97114427403,0.0,4.34589506492,3.6716854432,5.3332645501,-0.0722308463143,-0.127976956113,0.0,426.42876032293645,425.5468280851591,426.2740424939173,424.9277193290212
4.319999999999996,5.44904913407,6.47311476848,25.7886222001,0.0830262636823,5.96326648917,0.0,4.52901093125,3.70816868678,5.33257735432,-0.0596503192406,-0.138926582967,0.0,456.3022707042308,455.4116479956425,455.2937697868692,456.2960722358547
4.379999999999995,5.7275021999,6.69690307212,26.1118773785,0.0801940869975,5.95447043346,0.0,4.75315804569,3.75094249524,5.44130861737,-0.0297601753638,-0.169938892969,0.0,492.81836498658134,490.50152880250096,489.84365468015903,492.0605198130396
4.439999999999993,6.01821218609,6.92287157969,26.4376557321,0.0788723068133,5.94421841556,0.0,4.9377932326,3.78111181299,5.41738019967,-0.00986771016872,-0.172788041936,0.0,452.538916540945,452.2820023630487,451.2835122314547,452.886701932057
4.499999999999992,6.31983781034,7.15054737631,26.7610704861,0.0780767156932,5.93402555591,0.0,5.11700973441,3.8079453412,5.36267259255,-0.0210942222878,-0.164629343312,0.0,442.3514267733099,442.99512000972277,444.44283094490714,443.52159895446016
4.559999999999991,6.63244450442,7.3798245106,27.0814080178,0.0765344255981,5.92371939574,0.0,5.30378521212,3.8344248306,5.31475733098,-0.0370447153974,-0.192491377215,0.0,447.98731339179625,445.6863661761299,447.004791526871,445.7025579557231
4.6199999999999894,6.95621890706,7.61061072277,27.3983364635,0.0740412338622,5.91201600381,0.0,5.48938874948,3.85817486257,5.24906914993,-0.0525778936546,-0.200745533245,0.0,442.4752065247819,441.757496260549,442.03566876017663,440.752408451458
4.679999999999988,7.29171606824,7.84284437315,27.712362221,0.0705253456336,5.89954678682,0.0,5.69454534289,3.88255703815,5.21771703689,-0.0747164407518,-0.228234046241,0.0,455.91286454761473,453.668201698789,454.9553436402769,453.17633677072394
4.739999999999987,7.64023634928,8.07655059634,28.0257375381,0.0655903671135,5.8858137236,0.0,5.92357074823,3.90709047422,5.2269970154,-0.104889683279,-0.230215208679,0.0,469.3717050156716,469.1688391055369,470.9927039351114,468.64711699324084
4.799999999999986,8.00225130113,8.3115436204,28.3384942189,0.0598775923228,5.87241158766,0.0,6.14434876455,3.92538435024,5.19735384385,-0.080734144557,-0.212356761694,0.0,458.7496179685468,460.11783573319343,457.990463823307,459.9005088232502
4.859999999999984,8.37658434517,8.54737312874,28.6468560066,0.054913410862,5.86019903746,0.0,6.3341210957,3.93517822246,5.08112056974,-0.0870728834739,-0.190076524065,0.0,429.8046642010013,431.64676749075915,432.03423320404255,431.4934761741405
4.919999999999983,8.7644339158,8.78394150551,28.9526003335,0.0493551725693,5.84826073107,0.0,6.594627599,3.94981413963,5.10907212749,-0.107098047314,-0.22999706793,0.0,482.06686969322243,479.00259838413257,481.66475177470284,480.14077219322905
4.979999999999982,9.16715693392,9.02116703003,29.2579205901,0.0432904069288,5.83450112698,0.0,6.83013638771,3.95709027079,5.06731758333,-0.0911660427401,-0.228021171964,0.0,460.87516368198726,460.9811353173543,459.8027386389804,461.054970576292
5.0399999999999805,9.58347208427,9.2586540909,29.5591618911,0.0384253320002,5.82041826998,0.0,7.04771116215,3.95869472504,4.97342016683,-0.0661481832114,-0.2534584521,0.0,445.470929457197,443.3293706538455,444.3578403893549,446.39904290024697
